0
3989
0
3989
0
3989
998
4987
998
3990
998
4987
1994
6983
3991
8976
5984
11971
8979
13963
10972
14960
11968
16954
13963
19946
14959
21941
15956
27924
21943
30919
22938
32912
22936
34906
23933
36901
24933
40890
28924
43890
30927
46875
31915
48869
32912
50865
32912
52859
33910
57845
38897
61856
40893
63829
41888
65823
38897
67818
0
69814
2003
69812
1986
70812
3990
69812
4988
70811
4986
71808
8976
74801
10970
74801
12970
75805
13962
75797
15958
80784
20944
75795
18950
75797
18949
76818
20945
76795
21942
82781
26921
79784
26631
78493
27639
78502
28635
79503
30630
80498
27638
81494
30549
79428
31555
77412
32552
78429
34547
80425
35559
79427
35521
81422
39673
78571
40680
79576
0
80575
1993
79577
2009
78580
2991
82569
6970
79576
8975
81572
8977
78573
6981
77582
8034
77644
9039
79883
13287
80893
14295
78913
16289
77893
17288
77916
18286
78952
22275
77231
24533
77526
25525
77527
25526
75530
21277
77526
24271
78524
28246
79607
30242
79595
31241
79593
32237
79594
33233
78581
34231
78597
38220
79442
40213
79443
40173
78443
0
78446
996
78432
1996
78444
5983
79329
7789
79292
8826
79293
6833
79295
6944
79236
8020
78234
10996
80166
14803
78801
14803
78805
15801
79650
16646
78656
17647
79656
22634
78334
23630
78335
24641
78352
22627
79349
21457
78349
22810
75359
27797
78382
29900
77463
29902
77615
31050
78616
32199
78615
34070
74502
34072
76509
39276
77713
36268
78164
0
78168
998
78167
1765
74949
5757
78137
8979
80087
9974
79087
8977
79087
7972
79086
7978
78069
10950
77568
13284
78592
14282
78565
13887
78298
15857
78932
17920
74373
20911
77442
21990
77432
22034
78426
22009
78109
23353
78111
23351
75119
27314
76972
28320
78113
29453
77965
32839
77965
32863
77857
33632
78851
33992
78249
38179
78273
40845
78486
0
78485
997
78715
1995
77715
5943
76951
7219
76954
5958
76695
7011
76695
7727
74697
8715
76378
13890
77560
14688
77097
15508
77318
14505
77347
16513
78282
21491
78277
22495
79194
23492
78149
21497
78195
21310
78510
24310
78519
23765
78315
28680
78457
28856
78425
30958
77430
32948
77433
32948
78659
35937
81247
37768
77868
33782
77201
36774
77196
0
76200
1181
76225
6827
77267
7336
78343
3839
77102
4840
76093
5487
76100
6481
76595
6477
77411
13353
76769
14350
76941
15348
77720
15134
76435
15846
76429
17844
75449
22024
76128
24022
76127
19031
76129
21136
76110
22421
76260
22260
72345
27250
76533
28455
77005
30240
77008
32235
77009
32565
73063
34564
75230
38564
78220
39158
78823
38153
78822
0
78638
0
77796
1996
75451
5995
77946
7978
77942
5981
77942
6970
76945
5984
78451
6982
76562
11960
76553
13958
76553
13958
77763
14955
78048
16950
77049
16950
73376
16949
77363
24931
79357
21936
79356
23940
80061
24933
80223
27925
80221
30918
80012
32914
81435
33909
81432
35905
81388
39893
85380
41888
83366
44880
83768
45878
83770
47873
86762
0
87761
997
88757
2993
86755
3528
86298
5519
85301
7518
89292
9970
89290
9974
90288
10993
87303
14116
86444
11121
86460
14117
89713
15389
89725
16388
90721
18394
91720
19378
85733
20354
87729
23373
87729
24212
88731
26210
84737
27200
84737
29196
83739
26205
85736
30734
86654
32311
83028
33199
81036
34195
79965
34129
79968
35111
81963
39474
79305
0
79176
1001
78180
1999
77647
2993
77663
6977
78456
8804
77478
9802
77477
9788
76458
7808
76600
8264
76602
10252
77780
14674
77764
16761
77851
16766
76845
17761
76858
19756
76858
20753
77853
24504
77856
27468
79016
27623
78025
27626
77083
25348
77923
26095
74130
31299
77749
31210
77858
33204
77858
34198
77925
35196
77927
40514
77897
40510
77896
0
78691
0
77950
2108
77646
2990
74963
7130
79124
10283
79126
10974
79125
12982
81118
11968
83840
12968
85828
15957
81405
16953
81402
17957
80314
19947
82308
23920
87295
25932
87293
25931
83270
24932
83302
29918
87130
28922
88123
30918
88226
31916
88222
33911
86011
38896
89996
39888
89997
41886
90993
42883
90993
43611
88004
43898
89684
44451
90934
0
91414
478
90786
2996
90640
2990
87643
2991
88642
7957
88630
8965
87616
9963
87633
12958
85639
9962
83645
13972
86637
15958
87629
16843
86521
17844
82538
18840
81540
19840
81542
21829
84486
24022
84732
26023
80744
26346
80073
24355
80072
25352
79074
28350
82003
30276
79014
30389
77020
33074
76202
32565
76475
33565
77191
38550
75652
39545
75811
0
76326
997
76326
1994
75330
2992
77325
3988
77345
9946
78309
9537
77899
10539
77899
12533
76901
9540
73910
9568
76901
14553
77014
15961
79004
18949
78008
18950
79003
20945
80002
25717
79590
26717
79590
28711
79266
29053
79626
30056
79608
26065
75612
31051
79564
32944
80566
33940
78878
32944
79384
32944
79380
34939
79376
40929
80383
40472
79924
0
80430
0
79438
2687
80125
3682
83125
8023
80200
10021
80609
9935
79523
6943
79529
7901
80526
8896
80526
11887
80524
13883
79528
16377
78947
17638
78211
17637
77222
18635
72447
21629
76435
23638
78429
24620
77090
26593
77063
24608
78066
23605
74075
28592
80157
31584
78169
31057
79058
33055
79066
32798
78060
34786
79054
39714
77468
40717
78476
0
78682
1000
77993
1994
78985
2992
73959
6982
77355
8391
76445
9401
78841
9792
78843
8797
77847
9388
74856
12381
76778
14309
76787
14294
78103
16588
77792
17588
78305
17099
74317
18099
76772
22577
77790
23565
75815
26556
77802
24556
77806
25631
74813
29612
77072
31793
76109
32099
76686
30377
77679
32683
77686
33680
72755
33677
75739
38666
75409
0
74608
1004
74615
1994
77003
4384
73018
5385
74600
6984
75583
8978
76190
8975
75194
10973
75193
9977
73209
9977
73259
13966
76767
15481
76054
16452
76056
19447
76541
18446
76538
20442
74055
23433
76607
24992
75623
25975
75624
26986
75622
27984
72631
27005
74438
30461
76136
31465
76866
31491
75859
32488
76096
34718
77097
33721
72367
35494
75292
0
77114
998
77115
2991
75722
2991
75719
2992
72709
4971
75704
9959
77886
11858
76604
12123
77724
12000
75735
13000
72741
11005
72224
16018
77239
15805
76235
16086
75239
18080
74242
18812
71701
20948
72683
25939
77314
26572
76322
27573
76505
28758
76508
30751
72518
30753
72509
29737
76348
31384
77137
33384
76896
35139
76656
35143
76882
36150
73061
0
76060
1984
77050
2991
77047
2990
77047
2992
78062
4989
73074
8977
77896
10970
76893
11970
78031
11967
77029
12966
77033
13962
75032
11967
76029
15093
77189
17115
77189
18111
77199
19108
78183
20106
73195
21103
75549
26095
76512
28056
76331
28438
77716
30135
76413
29142
73414
31136
72791
32134
76775
33980
78770
35568
77614
35572
77609
36569
74627
0
76622
1156
77825
2581
77380
2535
77371
3992
76371
5499
71885
5511
76736
10350
76742
11342
76743
12339
77739
12814
77740
14808
78738
15803
77585
16255
76875
17255
76894
18263
76892
19276
77891
21253
77891
21254
76887
25262
77064
27386
77232
27936
77536
28934
78531
29931
78531
31927
77535
32142
77432
32541
75843
34536
76837
35686
77008
36683
77014
0
75851
1883
77152
1999
76151
2001
76151
3989
75629
4987
76624
6975
77771
11970
77777
12966
76779
13966
77701
13888
76710
14889
78704
15888
77415
15866
77382
17406
76920
17409
77617
18120
77299
20776
77306
20777
77284
25376
76702
27385
77150
28377
78148
29377
76153
28377
76152
30372
78812
32253
78128
33390
77249
34388
77081
34846
77078
35843
77078
0
73201
5985
78183
1817
78003
4088
78282
4268
78285
5392
76420
4125
76436
10110
76422
11244
75564
11246
76641
12115
77635
14109
75895
15363
75918
17344
77371
18355
78364
18355
78653
20209
77619
21838
77621
25825
78085
27852
78072
28813
80066
29813
78071
29813
76077
28559
74082
28554
68208
24565
