0
1961
0
1961
1023
2984
1023
2984
0
3981
997
4979
2992
7029
6088
10252
8396
12377
13847
19258
17289
23242
19555
25531
20553
27526
24293
32876
25795
38859
29602
40851
30470
42846
34400
48421
32584
51420
33151
53418
34421
56691
34443
58682
38665
65192
40658
67187
41655
69182
43702
72852
42819
77348
45473
79343
46470
82336
44473
84330
46470
87322
47777
89625
52211
95834
53985
98824
53045
100820
53398
103811
54410
109925
60501
113947
62549
115955
63566
118979
64284
124979
70282
127982
71282
129964
72281
133956
70757
135951
0
139014
997
140011
1995
140011
2991
139735
4997
140731
5994
144373
11471
141197
11527
139270
13524
138975
15518
140972
20337
142991
18560
141442
18943
138742
19138
137747
22068
140736
25521
141609
27515
140603
27516
140600
29511
139325
30506
144964
31361
142269
32493
141609
34482
142641
35513
139967
36917
146487
41738
144980
43732
144981
44745
144022
43774
143027
46767
148585
48342
143312
48340
143534
50336
146527
52332
144531
53339
147976
58769
143871
58791
143868
60774
141797
61771
143792
59124
145572
65010
141716
64219
142716
65873
140720
67873
142714
67874
139908
0
140919
998
142959
3025
142946
3976
142943
8092
146077
11086
142561
10088
141515
12243
142660
10142
141661
13696
139437
14728
141430
16723
141339
18717
142136
18697
141144
22369
141729
26259
140407
26257
141402
26258
141403
26900
142642
30416
143022
32951
142888
33950
141896
34948
142873
36943
145559
41479
140839
43433
142834
45430
142833
46530
143911
47968
147332
48916
144765
49823
143883
50820
143884
52817
143883
57263
147784
59720
144347
60715
144673
61819
143687
61819
144765
64347
148691
64757
145154
66274
145281
66271
144750
68792
147872
74149
149313
75299
146441
0
145552
1348
144908
5800
149667
7749
145561
4975
146559
7016
145597
7016
147424
12688
150082
14663
147508
14680
146636
16802
146674
18807
150484
24593
151473
22598
149647
22912
148471
24201
151497
26675
153029
30351
151955
31348
148901
32798
147689
37587
152328
40682
153406
40673
152409
37870
147872
38876
151322
42518
150553
44511
150443
45507
148184
46504
147011
47489
146428
51825
150026
49351
150026
52586
146820
52050
146357
52882
146358
57926
149054
58935
149071
60467
146042
62345
146065
63136
145548
62674
148708
63647
148240
63567
143820
65562
144666
66556
144180
0
148023
2019
145242
1995
144254
3026
145289
5037
146563
10418
147656
11381
143981
11382
143003
12365
143997
13062
147073
16327
146173
18321
142382
18321
142383
19318
141386
23890
144807
26897
143225
26898
140529
27882
141596
28239
141293
27017
144384
30370
137871
32373
137870
32372
137872
34365
135469
35375
139399
42525
140397
42524
140398
44613
140492
42036
140494
46086
141941
47071
141958
49099
140735
50095
139739
51096
139741
52091
141414
57737
141396
58469
140399
60453
140401
61523
140578
62047
142753
64898
141193
65890
142191
66885
141191
67907
141194
71452
142074
0
141765
997
141763
1993
141727
2992
140715
7220
141772
11426
141772
11426
141769
13422
142770
11189
144735
14137
140578
15178
142632
17173
141622
18171
141622
20166
140800
23339
142217
25332
142213
26330
143203
25393
141859
29243
144948
30244
141455
31195
141440
32197
142454
33216
143453
37232
145722
39473
141557
42465
141563
42487
141467
42703
144671
44962
142087
45959
141092
47953
141057
47942
142062
49949
142086
52749
144856
54715
141137
57750
141140
54666
141153
56882
141303
61315
142724
63314
140857
63320
141855
65306
141856
69625
145182
70626
143637
72623
141897
0
141420
3415
146669
5837
147057
3574
145016
4554
142805
7190
143977
8153
146669
12842
147093
14265
144925
15261
144027
16395
144037
21648
148732
22911
148116
20621
145364
21142
145666
28892
149655
28876
149654
29918
146599
30916
146596
31817
145600
37738
150906
39312
151433
36203
148414
36914
147170
37925
147169
42917
150537
45045
149704
45627
147026
46518
147026
47320
147026
47671
151369
49731
151441
50744
148629
51695
147632
55845
151550
58634
151564
60631
151339
61627
147907
62623
146906
63624
150579
64384
151653
65912
149189
67675
149187
68413
151467
73649
153460
0
152761
1994
149510
1995
151443
6500
151444
7504
151429
6980
152267
7977
148572
8987
150997
14241
151421
15239
153318
16236
148311
17690
148044
21743
151822
23866
151299
24852
151915
24011
146213
24669
150094
28995
151504
31010
151538
30003
152502
32995
145947
36761
150787
38690
150793
39677
150792
37621
149400
38508
146303
42996
151038
45260
151039
46258
151039
46258
148874
48253
146636
52514
149977
53510
149981
51580
147827
53172
148026
53162
145032
58197
150071
60159
150073
61189
151077
62203
147411
63196
149389
70119
149388
66890
150343
67962
146099
68950
146097
0
147963
1991
147969
1996
145439
2983
143448
3987
148195
8736
147199
11868
148324
12865
144067
13865
144065
10114
144067
16016
146140
16631
144120
17530
142995
18526
142994
19522
146476
24002
145515
26114
142185
28211
142263
29208
142274
29208
142274
31821
141728
32349
140797
34346
141923
34461
141924
36421
145534
40051
142220
42221
140955
43220
140953
44913
141648
42429
145644
47457
142432
48430
141434
49429
141437
51966
141978
51867
145966
57182
142244
58175
141254
59174
142253
63164
143235
65730
147307
64700
141383
65547
142094
67331
141173
68328
142171
71780
142342
0
140980
999
140978
1991
140978
3988
142995
8297
143824
11582
141689
12579
142686
12557
143684
11792
146850
15133
144936
17128
144320
18126
143282
19124
144280
20144
148236
26438
147479
26798
145565
28659
144871
26430
145289
31958
150594
32951
147063
33949
147309
35339
147357
37384
152239
42419
150277
42418
148642
44414
147469
45387
147469
42456
150523
47144
149837
46782
147802
48776
146709
49582
146710
50379
145167
54682
150524
56323
145210
57101
145272
53849
146269
54848
143284
55848
146327
60467
143828
61464
144824
63064
144039
64062
144039
65014
145916
70322
145402
0
144392
1050
144536
2083
143540
5395
143703
7464
140419
6466
138424
5180
138544
