0
1993
0
1993
0
2991
998
2991
998
2991
0
3987
996
5984
3989
7977
6980
10968
8974
12969
10970
15955
12967
17952
14962
19944
14957
24931
18948
27924
20945
29920
20944
32910
22953
34905
22940
38895
29914
43882
0
43882
997
45888
2994
46874
2980
45875
5984
50864
8977
51862
10972
52865
12966
49867
10970
51860
12964
54896
16001
56893
17995
58887
17996
52902
18989
53898
22982
56895
24977
57876
26973
59883
26972
52902
25975
53899
25930
56893
0
57890
3008
59883
1978
55894
2992
54898
7979
59884
9972
60878
10970
60881
12964
55895
8975
54853
8975
55850
12966
57845
13963
54852
14959
55851
14961
52856
15958
52859
16955
52859
21941
53228
23310
54228
24308
51663
23736
51671
0
51661
997
52658
5594
54850
4190
54854
4580
48871
4990
46876
6002
47876
8975
51430
10542
52430
11540
50436
13536
49477
13572
49484
14554
50489
18559
53473
18564
53791
19316
50803
20312
50430
21310
50430
22307
50005
25299
53286
0
53287
1001
49688
1990
50375
2271
47385
3274
49377
3992
54348
10976
51373
11968
50804
12966
50805
12968
49804
14962
50764
8973
53761
14962
50764
15959
49766
17951
49444
17951
49442
18950
49442
19946
49441
23935
49734
26414
49633
0
50219
1004
50229
1994
50949
2992
50947
8976
54936
8976
48951
9974
48950
10969
47952
5982
47956
8974
51940
14298
55273
15297
51279
16294
51521
16534
50527
18532
51529
20526
53519
24801
53802
25571
50587
24586
50285
24581
50119
0
50509
997
53506
5333
53853
4334
51855
5796
50668
5794
50671
5796
49673
5797
53427
9739
54899
13212
50578
14217
49591
15204
49581
15203
50339
20190
52949
21810
52952
20054
49678
20054
49901
21083
50401
20085
50409
25077
53407
0
53401
756
49824
1997
49822
3990
49822
4987
50009
4987
53003
8978
54023
10002
50382
10109
48895
13106
48898
13104
48908
11107
52896
15102
50901
16070
50279
18068
49287
17958
50279
20948
48773
20946
49766
22938
53001
26177
50014
0
49663
998
49661
2006
49660
2992
49661
7825
52512
7840
49519
9835
49493
10337
49892
7490
48891
9483
53877
13471
53879
15466
51521
16521
50948
17521
51944
21008
51942
23000
53942
24994
54937
25953
51910
25957
51662
22966
51261
0
50131
2011
54111
5767
54609
3482
51620
4684
50764
5816
50590
5816
51090
6815
54078
10801
55072
13794
51087
12971
50089
14965
50032
15959
50029
19956
53648
22617
48706
19630
48710
19629
48748
20628
48747
20074
48198
27062
54312
0
54468
0
49702
1998
50006
2992
50006
6981
52172
7906
54094
9903
54092
11152
50358
9161
50357
10829
50030
10904
53025
13919
54035
15888
51165
17033
50547
18776
50499
19770
50499
19770
53491
23671
53968
25032
51971
28001
50591
0
51099
821
49922
1000
49925
5987
53687
8478
51515
9955
49977
6966
50726
8193
50725
7467
50723
12433
54042
12969
51023
14980
50052
15960
49905
15959
49902
17955
51898
21755
53720
23765
50456
24405
49435
22408
50259
23888
50313
0
51807
1996
53430
1622
50434
2989
49939
5522
48994
5521
49987
6517
50981
10590
52863
9752
49768
12746
48771
12749
48755
14743
49768
14745
48777
17742
52760
18651
48957
18912
49262
19273
48627
20270
48628
21269
51807
26915
51793
0
48800
998
49173
1994
49173
2991
49642
4987
52630
9259
52916
10363
49950
10369
49250
10365
49249
9367
50247
10083
52242
14320
53491
15217
49497
16209
49502
19203
49439
19205
50179
20201
50179
24190
52297
24325
49653
26318
49651
0
49650
997
49650
1995
49651
5987
52644
7979
49369
8976
49262
6980
50155
6883
49165
7536
48817
12527
52843
13562
49603
14560
48605
14557
49603
16653
48605
18645
49599
22631
54587
24975
51595
26969
51469
23311
50799
24278
51795
0
54578
2010
55588
1992
52597
2992
52595
4987
52596
5981
52595
8976
55687
10985
56031
11221
56276
12222
52253
13219
52253
14216
55248
16113
55158
17121
56157
18107
53165
19117
51258
19955
50264
20954
52923
23492
53454
23481
49469
0
47667
998
47671
1995
47669
3382
48064
8599
50285
8604
48293
9210
47282
10203
47046
6998
48039
9977
47043
13964
51090
15022
48199
16017
48186
17229
47394
19227
48404
22218
51069
24166
52277
24191
48731
25180
50738
27174
50739
0
50750
985
53729
5945
53300
3757
51108
3800
50883
5793
49883
5988
50883
9977
53892
11004
53908
12999
49918
13001
50324
14867
49733
14562
49500
14848
49498
19046
50902
18217
48945
19215
49930
20212
48939
20211
50386
22658
52384
0
53383
999
49432
1992
49625
2992
50617
3989
49622
4987
53611
10317
51963
11317
50933
11319
50931
13312
50931
14309
51061
10321
54358
14963
55066
15957
51073
17954
50671
17790
50508
19788
50508
18791
50508
23780
54071
25773
50053
0
50053
998
50055
996
49785
1725
49788
9721
54776
9977
50442
11982
50440
12966
52435
8962
54430
14228
55707
15225
56687
16223
52426
16781
52274
17791
52271
21781
55594
21948
55592
21950
56618
21455
52105
20197
53108
22176
52107
0
54899
1010
55910
1995
56180
2993
52191
4986
50192
5660
49858
5666
52863
9924
52144
9933
48890
12922
47889
13038
48681
15035
49163
16083
51159
17144
53152
18804
48995
18801
49992
19796
49503
20809
49484
20795
49485
27778
50464
0
49675
997
49674
1996
49675
3013
49675
4986
49002
9341
54371
10342
51108
10363
50105
10363
50108
14352
50316
9997
53305
13869
53157
14868
50105
15867
50165
18858
50165
19582
50905
20582
53875
25044
54372
24061
51376
26059
50381
0
50383
996
50380
1995
53353
5825
53223
7828
49866
5837
49842
5993
49841
6982
49840
6792
49656
13873
54409
13540
50517
14543
50515
16539
50514
17536
50515
22523
52783
23522
53777
24706
50312
25698
50302
19624
51024
21677
50029
0
54018
1042
55016
1951
51186
2992
51178
4986
50176
4986
51325
5135
50330
10125
54475
10094
50484
13355
49991
13708
49344
13562
49346
15558
49348
19550
53352
18547
49347
18583
49347
19575
49348
20573
50341
19307
49619
25293
53222
0
49191
997
49235
1995
49235
2991
49235
4988
49237
7980
52709
9633
49716
11192
49337
10198
49341
13190
49716
10198
49713
14555
52857
14686
49863
16704
49872
17953
49708
18954
49713
19947
49712
20944
53134
23371
53947
26181
50342
0
49345
997
49345
1999
49345
5985
52337
7976
50341
8977
49687
7977
49122
6980
48121
4985
47125
4987
45130
4992
41147
3994
