0
1994
0
2991
997
2991
0
3989
998
3989
998
4986
2993
7978
4997
9973
6982
12966
9974
14960
11967
22091
19118
26099
21114
28681
21700
31146
26894
36963
27987
39956
29980
41950
31159
45124
32160
47118
37030
53985
39025
56976
35882
58978
35864
61963
36862
67296
41200
70289
42606
72285
43601
75307
45159
77303
44466
83028
48058
86019
50054
89010
50054
91004
52048
96990
56274
101261
58375
103497
59373
106489
61364
108488
66184
114506
64509
117508
65553
120535
66552
123527
67549
125522
71937
132265
75456
134435
76463
137427
77458
140417
82245
145633
80330
148623
82343
151615
83320
153610
0
153611
4167
155548
2755
155546
4427
156524
6294
160201
11200
162755
11757
157251
12862
157248
14529
156662
26534
167519
28599
173278
32440
171194
33471
172347
34956
172205
35956
177403
40175
178399
42167
173528
43167
172531
30868
177085
35765
177514
36163
179509
34310
175174
36304
175171
38301
178378
42789
181668
45664
183654
45645
177932
47624
181726
52847
182141
48626
182142
51618
185135
53614
178868
57453
182805
58790
181806
60806
183834
62801
185814
62737
183879
65319
183847
65900
184845
66899
185890
68934
186887
75138
186375
77167
186202
77167
188212
83461
194063
88430
190252
88429
190255
87187
189258
90038
192402
89417
195855
0
191687
2019
191951
1996
193287
7354
194009
8353
193156
8635
192161
9038
194339
13614
194184
14705
179829
14643
181380
17819
178537
20199
180882
22195
180745
21362
181741
22955
180212
28384
180401
30398
182415
31395
182385
31395
179425
32206
183563
38365
183569
39339
183567
38955
182572
40581
179672
44055
180709
45607
180707
46605
176912
47600
176496
49577
179830
51244
182934
52160
181937
54154
179149
54186
178896
58243
181848
60237
182844
61201
182843
63227
177765
63228
181466
69603
182128
66489
183115
68518
177968
69543
177933
74542
181333
75931
177036
76926
175057
79918
175067
82646
178412
84639
175271
84159
174886
83713
175913
0
177522
1989
178512
1995
175148
4987
176143
5984
175082
8942
177679
11532
176360
13832
176269
14829
175268
18485
176749
18516
175672
18195
174679
20239
175674
20921
177944
25539
174417
28526
175395
29525
175406
29536
175530
32176
178709
34166
173505
36819
173226
36507
174234
38573
175610
43870
173496
43863
175933
45451
175676
45874
175939
49188
178550
49182
175540
51195
174503
50562
175027
52015
177069
58265
176439
59278
175444
60274
175457
61159
174459
62279
178969
64484
174589
65490
173557
65545
173506
65828
176048
71693
173369
73688
172979
73675
172979
75613
172014
77218
172178
77877
172176
79846
171178
79846
172066
79846
171081
0
171619
998
172617
1995
168628
996
166633
3988
166665
5984
168138
12040
166833
15031
166835
14033
166170
16030
165182
20880
170040
19144
169038
21132
165425
23127
170384
26097
169382
29088
168382
30088
168255
32580
167573
37006
170017
39006
170386
36727
168363
36837
165362
41745
170369
45190
170552
56137
186718
62131
186297
63132
184423
61159
183358
62155
186369
68174
187003
69172
187543
70332
183542
72417
183516
76484
188571
76974
187560
77969
184260
75549
183050
77519
186896
81562
188088
83551
187086
83977
183220
84538
183217
87587
186250
91797
186484
89952
185629
89597
183214
89785
183566
94715
185421
84047
186502
80046
182331
0
182434
1113
182550
3191
186524
6966
187624
7879
187622
7083
182565
7621
183101
11933
185524
13928
187339
15745
183483
16742
182157
17740
181168
22215
183342
23365
179373
21292
179719
23284
179718
22274
178206
26520
177982
27720
177783
29466
178210
31637
177960
33637
178773
39851
176826
40850
165900
38847
161898
39694
160899
43384
164597
46378
164593
46030
159570
47030
159703
49157
159540
53910
164600
57309
159547
58436
159684
56374
160682
60250
165140
62641
165151
64890
162108
65879
162499
70408
167016
72599
168014
74594
167961
76583
163748
77482
166833
77100
167312
79246
167330
79290
167053
81266
164116
81266
167759
88078
168891
0
168717
1993
169572
2991
170321
7965
169596
7962
169609
6247
169940
6951
169075
9105
164773
13326
169185
15322
169186
15444
169212
16477
169214
19367
169580
24602
169220
23885
169604
26354
170861
24157
170877
28087
171326
29860
170578
31855
170655
33108
169744
34245
165633
41183
169653
41520
169045
40699
169042
39157
166350
39298
168270
45309
169521
46176
170517
47944
169388
48694
166678
52152
169141
55562
170000
57712
169305
54928
166294
57870
167991
59309
166995
61997
166696
62010
163172
62740
162791
66758
164680
68525
164677
70442
161196
71627
161214
68033
161329
72687
164734
74139
164732
75957
164733
76955
159915
78983
160259
0
163579
1995
164576
3381
159994
3383
161062
3990
162974
10058
164099
11053
164937
11985
160718
13050
159719
12191
163961
15838
164556
16833
164556
19945
160282
20942
160999
24593
164179
26587
164147
27584
161966
30224
160139
29282
159142
31355
163204
32720
164032
33718
161083
35714
159748
36713
159602
39113
164092
42104
164086
42104
159942
44097
159917
41444
159917
48129
164619
48134
161140
49129
160704
52123
159553
55127
162370
56819
161066
58817
160652
59815
160652
61810
159971
58685
164641
65169
162612
65171
161774
66169
161752
68162
182045
91871
184721
94045
182578
95461
184122
100607
186220
103623
187502
101605
186854
101860
182360
0
184394
999
185267
4987
186000
3989
185003
2992
181039
8057
185272
10328
185261
12324
185272
14315
185272
15204
184299
17560
185724
17284
184723
20291
185619
21091
181774
21086
184012
26324
185009
26326
184444
29315
186302
30680
182352
31823
185105
32102
185106
33100
186102
36094
185104
38088
183622
40568
186078
42564
186079
43758
187076
45749
187077
50272
185451
48574
185449
48574
185578
50667
185686
52891
182248
52934
185382
57111
185595
58110
185593
58738
186591
61730
185397
62781
185003
64070
185001
65068
185002
66063
185003
69037
166437
73520
165643
73586
164227
73586
158083
70594
156084
70552
152569
67100
152459
