0
2038
0
2038
0
3158
1448
3869
2144
4182
1024
4182
1696
6180
3308
8174
4992
10169
6988
12163
0
9977
997
9974
1995
9974
2991
9973
3989
12965
8897
15084
9583
16033
12047
15786
12798
15790
9807
14793
0
16383
1680
16073
2268
15929
3800
15181
3657
15178
3992
20199
9604
19038
11411
17338
12411
18129
14405
17398
0
21386
2332
23541
2928
20666
2146
17842
3037
18268
4993
20267
9979
23259
12965
24379
14093
21056
15092
20121
0
21084
994
25066
6459
26767
4204
25280
3733
21290
4501
21296
4991
21166
10075
25180
12001
25187
12977
25148
0
24154
997
22451
1995
25929
6852
26800
7858
26800
4859
28795
5987
24703
6982
22776
10968
27335
12518
27351
0
26355
1001
26353
1990
20497
1997
21488
2992
26456
9374
26881
10372
24887
11373
22888
12369
22350
9402
22342
0
24331
1996
26334
2993
27328
2990
27328
2990
21946
3989
20944
4987
26928
11971
27926
13964
27927
14958
28922
0
24933
997
28922
6992
28922
2741
29730
3791
29731
4799
29731
6046
26737
9978
26742
11968
27739
12970
27739
0
28579
998
23582
1994
26834
6493
27285
7495
27303
5500
27579
6284
25584
7277
23592
8274
26580
11946
25457
0
26063
1998
27055
1986
23491
2795
23190
2632
22196
6966
25836
9781
27846
11920
27834
12918
24693
14464
24083
0
27058
1226
27305
2996
27502
3990
29659
3989
25388
4987
27711
8976
26715
9974
27714
11967
27161
13981
25184
0
23940
4987
27925
1834
24777
3256
25198
3420
22209
4414
21212
5988
23205
10974
26854
12626
25842
13623
26856
0
26856
1996
23028
1994
25594
6721
27793
7194
27798
5200
25803
6455
23808
5988
22154
7978
26142
12022
26202
0
26200
1995
26200
997
22470
1994
22311
3305
22328
8297
26355
10345
27361
10035
25361
12026
22315
13007
22312
0
22397
5554
25957
1001
25961
2998
26645
4987
22651
4987
22598
6097
21712
6102
25710
11092
26706
13084
26623
0
24812
0
23234
1986
25227
5986
26228
7285
25537
6291
27151
6025
27149
7023
22158
7718
21164
7716
24157
0
26723
998
25735
1994
23738
3988
22438
2992
22435
5984
27704
8994
26689
10971
26689
11968
27566
11850
21831
0
21825
0
23827
5373
24217
4373
26205
4990
24211
5978
23197
5985
22216
8978
25584
11350
26748
12395
26747
0
27746
0
23370
1995
22369
5984
25064
6687
25067
7684
27480
7107
24492
8405
23116
9398
23069
9400
26060
0
27056
997
27057
2013
24640
3570
25104
3720
24111
7154
26424
8886
26420
9717
26420
11711
27429
13108
22829
0
22837
0
24813
5633
24910
3650
25740
4001
22746
5999
24003
6982
23005
9974
26001
11968
25992
12366
26814
0
26820
996
23200
1996
23169
5966
25962
6786
24954
7785
25965
5787
22976
6985
21983
7978
26566
13482
27265
0
27581
0
26583
1994
23590
3019
23786
3996
26777
8381
27185
9354
27185
10379
27184
11373
22677
9566
21854
0
25535
989
25526
1994
25526
3182
22727
4181
22321
4182
23319
9976
27453
11122
27453
12116
27271
13112
27267
0
23625
0
22633
3994
26232
6773
26157
4713
26858
4022
22276
5030
21127
7091
22128
9084
24123
12387
27115
0
27065
843
23914
1285
22418
3283
23481
6989
26351
7972
26362
8963
25352
9960
26351
8958
22347
8979
22361
0
25141
1194
26052
2997
26049
2992
27044
2990
22062
4986
27204
9121
26211
10124
25219
11120
27208
12116
23220
0
22094
997
21091
4987
25085
5985
25090
3989
26481
6381
22341
6384
21339
7375
20347
11371
24779
11416
26777
0
25781
1995
23796
1995
23785
2981
25780
5983
26020
7622
26024
8623
26398
7003
22412
8003
22963
8360
26953
0
25611
997
25610
997
25613
2993
23661
4034
24024
5036
23021
9024
27056
10410
27065
12404
26069
11406
22424
0
22422
1995
26412
5072
26506
4084
27459
3001
27453
4986
23466
5984
23033
6983
26027
13558
26613
11563
26619
0
25906
0
21835
2997
21827
2992
22826
8988
27810
10970
27810
11968
26811
11966
23231
6969
22234
11968
26220
0
27438
997
27435
1995
27434
2992
23445
3989
21451
4988
24456
8985
26438
10971
25440
10972
25440
12343
22330
0
22331
0
21325
4978
25334
6981
25314
5985
26309
5964
23310
6982
22321
6982
22321
9973
25941
12966
25930
0
26919
996
23937
1000
21974
1993
21939
7976
24953
8944
25929
9973
25930
10973
22938
7986
21941
9953
21940
0
24936
1621
26568
2049
26567
2990
26566
4944
23574
4987
22578
5984
25568
10971
27560
11969
27564
14196
28601
0
23991
999
23939
4987
26871
6452
26443
5478
27465
5560
27445
5988
23455
7986
22457
9953
26224
13944
27407
0
28398
998
25423
1995
27928
5974
29920
7977
28923
5984
28922
7971
28919
6986
25931
9974
28046
13089
26054
0
26053
997
26112
2057
24114
3992
25119
8839
25980
8400
24543
8404
25539
7407
23549
6546
22428
10536
25419
0
26418
997
26544
1186
24552
1998
22102
4228
21376
5225
22370
10213
27358
10809
25364
9977
23365
8978
18382
0
16388
0
16199
1994
