0
1994
0
1994
0
1994
997
2991
997
2991
997
3992
1626
5617
3624
7615
5618
10605
8610
12598
11604
15591
12595
17585
13965
19581
14962
21576
15956
23570
0
26796
1003
27169
995
26168
1995
25173
4987
26172
8005
28776
9601
29788
11593
29785
11592
29784
12591
28790
10569
29784
10981
26568
15317
27922
15330
28917
16329
28919
0
29914
999
26898
996
27297
6093
28416
8099
29490
6104
30412
6990
31408
6982
29416
6985
28406
6907
29077
11580
31098
13030
32101
15026
31100
16022
31101
18015
32099
0
33102
992
32976
1996
31987
3989
32975
4987
32976
4980
39959
9976
38957
10971
35939
12963
35919
13964
34905
14960
40889
14957
40893
16954
39905
17952
36902
17950
35905
0
39894
0
41887
4926
39838
2935
39836
3994
39837
4984
36844
5986
36845
6981
35850
10969
38915
12050
38925
13047
34932
15038
33921
15038
34930
16036
39247
21383
39280
0
39250
1384
37707
2997
36707
1995
36705
2992
39698
8780
39507
9781
39814
10091
35752
11092
36746
9099
36746
9292
39740
15272
40737
16271
41735
15961
36389
17956
36416
0
36030
997
40018
5985
39019
2989
36029
3990
35219
4988
34909
6981
37902
9973
40905
11969
40890
12967
40892
13961
36903
15960
35905
14962
39895
19292
41237
19294
41236
0
41246
1985
37246
999
37247
2991
39242
5983
40235
7980
41236
9975
38243
8555
36829
9558
36828
8560
39448
13177
39451
15250
40527
15688
37637
16689
35638
17111
35639
0
38632
2551
39186
996
39186
3000
37192
3989
36193
4989
35198
5975
37609
10197
37831
10202
38835
11210
35211
13196
36241
15296
34807
15300
33808
17294
38812
17068
39611
0
35073
2989
37068
1995
37054
2990
39059
6458
39535
7459
40533
9452
37316
7873
38731
8402
37721
12386
40577
13241
40480
15237
39473
14241
36486
15238
36485
16819
35671
0
38589
2000
38150
1546
38143
2987
35677
2992
34676
3991
34677
10262
38540
11265
39538
12263
35548
13259
35692
14254
35687
16249
35688
14965
40675
17956
40674
17639
37376
0
37436
1993
36886
998
40878
6984
41872
7977
41872
4985
41872
6980
37157
6550
37162
7552
41168
13535
42149
15180
42796
16639
38271
15644
37278
17074
39584
21657
40190
0
40179
1996
40180
994
37185
2991
36190
3991
36190
6979
40472
10268
40908
11266
40903
12263
34918
12263
34271
10272
35263
15223
38054
14227
38058
16263
36468
17219
36443
0
36154
1000
36159
3989
39055
5895
39064
4898
36069
5011
35770
6980
34775
6978
35772
7978
38764
12632
39430
13612
37435
16631
37179
15626
36132
17290
35847
21135
39927
0
39924
863
38050
1252
37165
3436
37874
4722
36860
7693
39624
9029
39632
8734
39628
10729
35971
11723
35978
9729
35965
14963
38905
14710
39051
16708
36201
16713
34278
0
34476
2995
36219
997
37775
5986
38656
7152
35653
5230
35980
6778
35527
6605
35530
8609
38521
12955
39880
13876
38880
14869
36140
15324
35134
16322
36133
17315
36132
0
40054
1996
39060
997
36088
2991
35896
2991
34821
4963
34816
8976
39944
10666
38949
12679
35600
13531
35483
13537
36472
15529
38784
15855
39787
16162
39788
17152
36793
0
36794
998
34799
997
34799
6999
39789
7978
39784
8977
36793
6963
36102
7976
35086
7979
35230
11970
39227
13962
40218
14961
35899
14959
35901
15957
35905
16957
36901
0
39644
1001
40641
1994
36636
2994
36655
2991
35656
3989
35657
4987
37755
9511
40215
12506
37193
13503
35197
13506
35197
14501
36197
18490
39306
17390
39184
18952
38191
0
37439
0
36443
1994
39470
6876
41329
7879
40333
5866
42327
7025
37842
7024
37412
7591
36419
12592
41404
13563
40407
13578
39412
14538
38203
16322
36213
17321
36207
0
41197
997
41205
1996
38703
3378
37706
4531
37839
6137
40845
9167
41269
9589
40710
10446
37728
11471
36771
10474
37745
12430
40581
15284
40806
14859
39803
16853
36812
0
36815
0
35815
1994
38413
6234
38521
7236
35525
4246
35486
4991
35058
5987
36060
7979
38014
13098
39151
14101
37156
14100
35300
16098
36294
16095
35297
17088
36299
0
39288
1000
39292
1996
35054
1998
35048
2992
36046
4985
37063
8974
40208
10150
39651
12581
36474
12529
35474
13538
36475
14510
36470
16520
41463
17308
41430
19308
40433
0
36439
997
35440
998
36435
2993
39436
7978
40429
9972
37433
9974
37035
7596
35454
7607
36501
8605
39485
13725
40620
14733
34635
15718
34667
16938
34668
18186
34610
0
38604
998
40501
2894
39503
1995
35514
2993
35553
5866
36681
6154
36065
11149
40050
12142
40049
13106
35813
13390
35927
13829
35246
15282
35253
18273
38113
16260
39277
0
36272
997
35373
1995
36369
1994
35372
2990
38368
9014
38228
9974
35102
10874
34108
12384
33737
9390
33612
12348
38752
14343
39287
16537
37987
16188
37007
18169
37022
0
36268
3990
40271
3990
42298
3975
42254
3988
39239
6938
39262
9978
42352
10971
41839
13965
44830
14962
43831
13960
39839
14959
41674
16375
42542
17379
42555
18377
42316
0
40318
1087
38410
1004
40681
7274
41702
8269
39708
6013
37709
6001
38119
6818
35558
7819
38550
13854
40600
14426
40174
14433
37340
17001
37344
16602
37340
20167
40330
0
39245
997
40238
1995
35529
2561
35530
3561
36560
8983
39517
9975
39908
11198
39908
12199
35867
13159
36205
11550
37628
14810
38990
16485
39994
17255
36996
17252
37001
0
37003
996
37001
4986
41020
6587
41023
4594
41020
5075
37121
6071
36509
6692
36512
7685
39509
12400
40889
14312
36608
14311
35942
15309
35946
16691
36943
20677
40374
0
39379
1008
36390
1986
35786
2991
34787
2990
34705
8990
38705
8976
39069
10975
39070
12287
35677
13296
35205
9806
35197
10802
38187
15868
39184
16814
36188
17794
35749
0
36738
998
38741
5047
39739
4992
41738
4927
41734
7447
38210
6449
38210
7448
40373
11924
41361
13921
42844
13457
42845
15450
38791
15447
37842
19437
41132
20722
41133
0
41136
997
38082
1996
37143
2993
39140
5982
39319
8974
39668
8976
39668
7993
36193
8977
35194
9972
35192
12965
38185
13963
39182
14960
36188
15960
36903
18034
37477
0
35485
2993
38325
2831
38314
2982
36321
3987
35325
6983
37317
7976
39303
11874
40219
12875
39221
13147
37503
13155
36511
14151
37504
15149
40497
18136
40401
18232
40914
0
39916
998
40078
5983
43070
5983
44069
4987
42963
6981
42075
6982
39176
7978
43164
11971
43886
12963
43881
14960
43881
15960
43881
16954
39890
21943
44884
22941
44880
0
44881
996
40893
1996
42885
5984
43893
7978
43881
7981
43884
6981
43882
6971
39890
10969
44886
13963
44880
14958
43880
16954
44880
17950
40890
20946
42884
23956
43880
0
42885
1996
43881
1994
42883
5986
42885
6982
42886
7979
43881
6979
43883
7978
40891
8974
42886
14959
43881
14961
43883
16959
43883
17952
41886
18949
41870
22942
42886
0
42885
998
43882
2991
40889
2993
40889
6981
42903
8977
43884
9973
43885
11968
44881
9974
39893
10955
41887
14478
42400
15475
42405
16473
42405
18466
40406
18469
40412
0
42405
1993
41407
998
42404
3989
39412
4986
39412
5984
41407
9984
41407
10971
41407
11967
41405
12965
38882
14960
39903
15959
42887
16945
41889
17952
41888
18950
39895
0
38896
2012
39893
4971
42887
6980
42886
4985
42886
5983
39884
6982
39895
7978
43884
12966
43883
13960
42878
14959
40889
15956
40889
20946
43885
21939
43882
22938
44880
0
43378
1003
40404
2987
39407
6979
44394
7979
45391
9974
43396
6986
43396
6982
39406
7979
39408
10972
44394
14959
43396
15960
43395
16951
38408
17951
37411
18949
43885
0
43878
997
42886
1994
39895
2991
38896
3996
42907
8975
42883
9973
42885
10971
42884
11962
39892
8954
38896
10971
41886
14959
42885
16955
43885
18948
43882
19964
39892
0
39893
4987
43885
1994
43883
2990
43876
3995
40868
5507
40408
8493
43399
10505
43399
12476
44396
14477
43399
13956
40407
14959
39411
16955
42409
18949
44396
20927
43399
0
38410
999
38412
3990
41405
5984
42414
6979
42878
5985
40891
6982
39877
6969
38896
9973
41889
13963
42885
14958
43883
15956
40890
16954
38896
17951
40891
22940
41894
0
42884
998
40889
1994
39893
2992
39881
8982
42890
8976
43882
10988
43884
11969
40892
7973
40891
13958
43889
14962
42887
14961
41889
15940
42885
17951
40883
22937
42883
0
41887
999
41888
2991
42885
4002
39893
4987
42886
9009
42869
10959
42884
11970
42889
11968
40888
10970
39892
13930
42885
14960
42885
15958
41888
16969
40892
17951
39893
0
39892
2991
41891
3991
42873
3997
43883
3989
39861
6982
38899
9965
41885
10971
41887
12965
41889
12964
39893
13962
38895
13962
39902
16952
43869
17951
43884
18949
42885
0
40892
1002
38896
1991
43877
8977
43884
8975
43883
4981
37898
4988
37901
6980
37898
11970
42892
12965
43883
14961
41878
15962
37900
17950
38897
17951
38896
22939
43885
0
43879
1002
43882
2986
38894
2991
37898
2994
41888
8977
41888
9974
41888
11969
39892
12965
39893
9978
40890
14960
42882
15956
41888
17952
42885
17952
38896
17952
37904
0
41883
997
41889
2993
42887
3988
42885
3988
38899
4986
41889
10972
43882
13962
43882
13964
43878
14960
40878
15958
43884
18949
45886
19948
45880
20945
46874
19948
44879
0
46875
1995
48869
3989
48871
3989
51867
7981
52859
9972
48868
11968
48869
11963
49866
13959
53853
15957
54861
16955
49867
18950
49867
23938
52860
24935
53855
23937
51871
0
50890
971
49868
7979
54856
8975
50862
3989
49867
4985
49867
9973
52861
12971
50865
13963
50865
15958
49867
17980
52860
21942
53864
20945
49866
20942
49866
21936
49867
0
53872
981
49867
2993
48870
4986
49867
4986
53856
10970
50864
10972
49869
13963
49867
13963
49867
11970
52830
16956
49866
17953
50864
20943
50863
21939
50863
25932
50863
0
50864
998
50864
2993
49868
3989
54855
8975
50864
10969
50863
11968
51862
9972
55865
14961
55849
15958
50863
16955
50863
18951
50863
23936
54881
24934
49866
24933
49866
0
49867
996
49865
7979
54854
8976
49866
3989
49867
5983
49866
6981
48870
13968
48873
14960
48877
14960
48869
15958
47871
17954
51862
24934
49878
25931
49866
20939
48868
0
48869
998
51861
5984
46875
4055
47873
4986
46875
5984
46874
6917
43883
10973
45878
11968
45878
13963
45877
14959
44879
15958
41877
20944
41888
21942
43883
19944
43882
0
43887
994
40890
2992
40827
6981
42887
6981
42886
8996
43889
7978
41888
9972
40891
11967
42886
13962
42885
13942
42886
15951
43884
16955
39892
17952
38896
20945
42885
0
42884
999
42886
3989
40890
4986
40890
6981
43861
8977
42886
9974
42884
10972
40906
8976
40897
9974
42884
13966
42885
14961
43885
16953
42885
17953
40891
19946
39894
0
42884
1996
43882
1994
40892
1994
36902
4987
37900
5983
37899
10972
44879
12965
43882
12965
42886
13962
39894
15957
40889
19947
44881
17951
43883
16955
43882
19948
44881
0
40906
981
45877
5984
44880
1996
43882
3990
43882
4988
39892
6980
44881
11969
43882
12965
43882
13964
42886
14960
39894
15958
40891
17952
43896
17951
43882
19946
43878
0
43883
998
39894
2004
39892
5987
43883
7968
43881
8978
42886
7975
39893
7984
39894
8977
43882
13965
43884
14959
43882
16954
42886
16956
39894
17952
37898
22934
41890
0
41887
1996
43873
1994
40888
2991
39894
5983
42886
7980
42884
10971
42879
10970
42887
9977
38895
9970
41887
14967
42884
16956
42884
15957
42886
17952
38897
18952
38898
0
42886
2991
42885
998
42886
2993
40892
3989
39891
4987
42886
11968
43884
11969
43880
12965
43883
13962
39884
14960
39893
16955
43883
15969
43884
17952
43880
18949
40891
0
39893
4987
42891
1994
42885
2985
43882
4987
43882
5983
39891
7980
38895
10973
42885
11969
43884
13964
43883
14961
40892
16955
39882
18953
42885
21942
42885
18948
42886
0
43883
1995
40892
3989
43891
5984
42887
4987
42886
4979
42886
6980
38894
5982
36900
4986
33908
3989
31914
4987
32912
