0
1995
0
1995
0
1995
0
2992
997
2992
997
3990
2992
5985
4904
8925
6930
10928
8924
16692
15962
19950
16957
21947
17955
24936
20006
26975
20076
32510
25716
35635
26711
38636
28698
41052
30197
44108
30626
49412
31455
52403
33451
54398
34448
56475
35525
62249
41077
65013
41085
67007
43012
69999
44022
71997
45021
73989
46211
81273
47642
83281
48643
85277
49652
87509
50872
89939
55435
97363
57308
100357
59239
102350
59241
104345
59021
110390
63301
113710
0
112749
1003
112751
1989
111804
7371
117549
9731
113762
10721
113494
8336
114493
8073
117347
13831
118296
14822
118299
17816
116756
18810
116620
21326
118989
23417
119251
24299
118736
24567
117538
23630
117515
24660
119309
29429
121426
31547
121342
32539
120553
34719
122688
37541
122788
39534
123789
39012
123782
40148
124780
40954
125406
45914
125508
47927
125555
47986
125542
49991
127338
50988
129929
53945
125514
55951
124514
57921
125514
57148
127508
57155
129610
61299
126405
62296
126366
64312
127123
0
129121
3389
132114
2592
127374
2989
126376
3994
127376
7978
128371
11484
132280
12997
127531
13989
127548
14987
129445
16074
128626
18068
129554
19005
128462
19485
128463
20482
129459
24473
128374
27260
132337
29458
128574
29465
127713
30811
127714
36166
132072
38161
130261
39174
129264
36729
128268
37724
129296
45293
132801
45294
129816
47291
128823
48288
128764
47290
132285
54305
133758
55299
131724
54514
130711
54300
129712
55312
133183
61925
134353
62936
130089
64213
130777
64363
129759
68719
132691
0
130298
999
129715
2991
130701
3975
130693
7068
132807
11085
130302
11086
130782
13080
130781
11004
131779
16719
134449
15718
133505
17766
131057
19762
131058
19761
133714
24797
135080
27786
132304
28777
131099
29781
132097
28659
134011
30668
134524
32702
129986
33645
128974
35641
129970
36674
134340
41227
131320
42225
129983
44220
128985
42562
129994
45082
132887
45094
129653
47870
128659
48867
127655
49865
127660
53688
131720
54945
129072
57929
128086
56293
127549
56754
127399
60509
128887
61467
130947
0
129963
1007
127979
4727
131863
6874
128781
5138
130870
7100
130884
9111
128890
13731
133501
14221
129250
14153
129575
16420
129508
16394
131552
22434
133212
24083
129794
25012
129738
25013
133616
30415
133638
30414
131003
32383
131018
33129
134685
38813
135103
39572
134836
40967
134821
39942
132291
45801
136135
46143
136131
47142
136134
47518
134241
46597
133245
54335
137201
54660
137534
52774
137526
52754
134698
54749
137893
60681
137384
61699
138404
62212
138109
63371
135902
63378
132910
59693
135066
0
135045
994
133059
1994
132157
4013
134987
8846
134899
10838
133884
10814
129269
9023
129787
13751
131232
15060
135524
16106
134828
17418
130863
18416
130211
23024
133177
25781
128560
26344
127710
23750
128145
26184
127299
30112
126835
31116
128824
32058
128080
33817
128676
34734
130475
39760
127423
40757
126603
42894
126953
41268
127952
43095
131274
46822
127521
47427
126387
49438
127462
50511
130397
55267
130395
57025
127477
58852
127460
59835
126917
60198
128802
61658
130795
62656
132803
64667
129653
0
128655
4469
132235
2101
129417
4986
130369
5983
130371
6969
133315
10491
133863
11489
132859
14480
130332
14193
129477
18975
133463
17627
133523
18660
134174
20717
129784
21700
129222
26840
134221
26874
133782
28330
130551
31148
129614
31198
133514
32961
133156
33419
133146
34373
131111
37348
131111
37742
132966
43357
134636
44334
133633
45343
130300
51525
134500
53527
135300
50373
134224
51377
131326
52372
131307
56956
133022
59083
134031
60076
130425
60177
131053
62103
131020
66826
133189
64806
133654
0
131660
996
130075
1995
129078
7593
132667
9573
132669
10569
129154
7962
130164
9344
130522
13941
133412
15664
130354
16664
129756
17662
130184
18921
132866
24007
133470
24647
130326
26641
129293
23042
129288
24041
130290
30005
133922
31003
129401
32001
130393
33994
130375
34992
132740
40752
134191
41580
130584
40781
129507
40528
129851
47504
134627
51541
132493
50554
132501
52671
134787
58525
137441
60520
138679
64323
134528
64519
137950
68741
137874
66051
138870
67963
140501
70912
136129
74269
139630
0
139659
997
139659
2992
138065
7977
139380
9296
140377
9293
141374
8299
140009
8983
138424
12900
140017
15308
140019
16313
140019
18336
139792
19344
140204
23239
140594
25225
139599
25214
139597
24299
140593
23899
136893
29155
140166
31148
140165
33137
140165
35137
141163
37885
140406
41136
140346
41123
139641
40610
140290
42215
134308
45026
139112
47023
138056
49014
136941
50244
132313
56494
134524
56484
136025
58471
131323
59458
130310
61466
130308
63787
134275
63786
135036
65784
130531
66779
130507
0
134041
4221
137266
1995
136270
2993
130964
5005
133478
9016
133995
12088
137063
13087
133146
13069
132737
12570
135242
16559
135251
19554
136210
18478
133301
20470
133302
25188
137538
26694
137534
29688
138522
29685
135269
30692
135848
33162
136230
33811
136911
37285
133618
36285
136258
40723
136793
41716
135795
43712
136793
45705
135288
49711
137635
47632
136639
48116
137403
50111
137986
53688
135742
54505
136847
57782
137844
58786
137841
59802
137147
68598
139093
67035
138540
66064
139103
68658
138104
0
137308
997
136309
3989
137306
4988
137289
3991
135270
10662
138867
11653
137870
12652
137869
14656
137925
14705
134414
15322
139070
16683
138069
17681
137072
19674
133353
21669
137627
26457
138623
27440
137627
29388
137618
30386
134629
35460
138079
34174
137594
33816
136609
35812
134157
36808
134159
43088
137449
43088
138445
45084
134491
47366
134158
47439
137302
49038
137952
49436
137366
50438
134556
52431
132278
52430
135701
58819
136993
60440
135072
62534
130102
63532
132624
66480
134671
65829
131971
0
132982
986
133966
4973
133957
8000
133989
6003
130297
8006
133289
6965
135282
13607
139539
15226
137765
16707
134667
17110
134726
21314
138150
24621
138234
23625
139232
22965
134443
25222
136312
27322
136418
28042
137415
29845
134334
31827
133320
36544
136461
36545
137571
35463
136574
37235
133287
37144
134284
43386
136536
42388
136274
44408
136210
45407
132809
47412
136330
49460
136329
51452
137098
52113
137161
53174
132607
58020
135519
59542
135420
60529
135418
60538
130389
62533
134454
67438
133928
0
133954
972
130949
1994
129930
4003
129946
5997
132860
9895
133857
10891
129211
12887
127330
12892
131814
17053
131788
17050
129594
18066
127302
17069
124309
16070
123314
15074
