0
996
997
1993
0
1993
0
1993
0
1993
998
2991
1995
4986
4986
7977
6982
9973
8977
11967
9972
12963
11969
15956
12967
17951
13962
19945
17958
26926
19947
28921
20943
30917
22943
33909
23936
35903
27932
41887
29922
43882
31916
45877
32911
48884
33910
51860
35903
56846
0
56848
997
57845
2992
56849
3989
57845
7982
62832
12480
65339
11502
65337
14491
66334
14472
69341
14474
65333
13961
65339
15956
65340
17932
66335
17953
65343
20926
69329
22939
67326
21941
66336
21928
66337
23073
65479
24075
68469
29246
69672
30253
66669
31251
66671
34241
65671
33245
65670
0
69668
990
66666
998
62166
2991
63145
3989
61154
4987
62168
4987
62154
11110
63315
12117
64312
14111
63313
14113
63315
15109
63314
19100
63316
17969
63180
17833
63184
18820
64181
18820
63749
20380
63606
22375
68620
27362
63404
27360
64412
28358
64402
29350
63407
29349
61416
31343
63275
0
63279
0
63279
1995
63279
2992
62280
5342
63635
8334
66851
9566
63730
11565
63719
10207
63479
12967
63486
9975
62490
10752
62487
15394
62295
16169
63063
17166
63066
18168
63843
19947
63286
22179
63844
23737
61853
25744
62870
27740
62859
28727
62866
29721
62865
26736
65858
31044
62167
0
62200
1996
63198
2481
62687
2485
62338
6985
63112
9475
62596
9472
61596
10469
62597
7488
62836
9693
62830
8976
66814
14962
63159
15957
62384
16956
63378
19947
63379
19947
63596
22925
64596
24934
64026
24931
63023
26928
62018
26927
62028
24951
64021
25929
66014
29945
64070
31943
63851
0
62849
1328
61696
1001
63708
4001
65683
8934
62156
8483
62719
8497
62726
7509
62713
6553
62722
10543
66715
13041
62797
15039
62798
16031
62801
16034
61802
18249
61027
18250
59035
22240
61747
23964
62749
22964
61751
21965
62502
22639
61481
23637
61148
24283
61141
28854
61720
30864
61717
0
61388
997
62382
998
60379
1994
57447
8992
60879
8977
61855
9974
61855
10971
61855
6964
61854
9956
57794
13978
62093
15479
61303
15484
62301
16632
62241
18633
62238
18630
59244
21623
62526
23636
61511
23619
62507
26611
62763
22604
61761
23306
62114
24096
58540
29091
62513
31073
62514
0
62517
995
62514
1992
63510
2990
59521
6692
62224
7710
62225
9686
62791
10250
61800
7554
61800
9546
57792
12518
60781
14038
61791
15035
61625
15467
61620
18459
61622
18454
59628
21446
61604
23440
61624
23441
61635
26433
61621
23442
61620
23939
61621
27926
61619
29910
61622
30917
61621
0
61622
996
62108
1482
62113
3992
62113
7983
61383
7978
61402
6984
61835
7984
62828
6983
61828
12965
63080
14218
62578
15215
61582
15215
61582
17209
62580
18199
62578
20200
63346
22968
63351
23966
62354
20975
62354
21721
61359
22714
62355
23710
62357
27982
61637
29980
63635
30977
60643
0
61717
0
61898
2673
61898
5988
62892
6971
61896
5986
61895
5983
60891
5989
60902
7981
65887
12979
61657
13978
61659
14978
62656
14978
60660
15977
61026
17336
62027
23325
62253
23324
61257
20334
61255
20319
62251
22311
62254
23309
62257
27299
61972
28295
61967
29292
62966
31287
61720
0
62892
996
62211
996
62232
5984
63221
7981
62220
4975
62221
5985
62217
5983
62219
7977
63313
14076
62318
14070
62311
15067
63309
16064
63306
17062
62940
18060
60941
21585
62478
23582
62481
18491
63476
19479
62241
22237
62244
23240
61245
27234
62249
28245
62810
28793
62813
29795
61815
0
61816
1000
62815
4984
62111
6285
63124
5283
63110
5987
63188
6057
62194
6050
62194
11056
62080
12771
61811
13784
62823
14691
62811
16685
62811
17678
66450
21319
62935
22325
61935
19329
63936
20331
63930
21604
63165
23598
66160
26955
63801
27215
63589
28024
63042
29025
65033
31019
64035
0
66027
2005
64036
1985
63735
2992
62742
4261
62429
4676
63352
5674
63348
9663
63513
11558
62834
13179
62821
14173
63151
15493
63157
16491
65151
19483
63505
18484
63499
18317
63498
19311
61503
19273
61503
20269
62501
25257
62511
26655
63260
27335
63459
28329
63457
29325
63302
30166
62308
0
64295
1992
64302
1000
64304
2994
64032
2991
64613
4988
67606
9407
65048
10406
62880
13400
63840
12402
63839
12399
62520
10406
62518
13965
64405
16848
63869
16309
62872
18307
62876
17307
63873
19302
63870
24908
63490
24912
63093
26906
63093
28234
62425
28931
62547
30073
62425
27084
62303
0
61308
997
60273
1961
60277
3993
62272
3989
61272
7979
60660
8819
61666
10791
61658
12526
62270
12400
62274
10639
62507
14815
63154
15633
62476
17647
63004
17653
62836
18490
62840
18749
62840
21868
63838
25858
63216
26854
63877
27281
62551
28279
62853
26284
63425
30727
66797
30545
62937
0
62961
1994
63735
2053
63053
3312
66046
6985
64053
8978
63212
7976
62969
6717
62972
8712
63358
8712
63124
12704
62847
13435
62012
15429
62002
16692
64007
19684
63166
18685
63167
22674
65161
24672
63643
25522
62022
25524
62960
23127
62976
25401
62959
29380
65595
31018
63482
32016
63467
0
62465
1000
62235
2821
68254
7019
63269
7091
63347
4068
64344
5066
63612
6060
63609
7984
63610
11968
64606
13963
64871
14959
64873
15958
64871
17952
61880
17953
62878
21942
62121
23847
62313
23852
63935
22855
64929
22854
65331
23399
63878
27392
63881
29389
64236
30383
63240
31381
63241
0
63238
998
61415
1994
63375
8120
63451
8130
63447
5138
64444
4996
63447
5983
63445
6981
59458
11969
63149
12667
62156
13668
63151
15662
63152
16660
63151
17658
59164
20669
62208
23373
62974
24376
62973
21383
61977
21683
62430
23677
59435
24672
61441
28911
62679
29911
63395
30628
62402
0
62401
1661
62068
1001
62954
7984
62920
8975
62921
4797
62755
4825
62760
5803
63740
6807
61372
10938
63220
13103
63187
14100
62190
15095
63494
16397
62495
17414
62475
20403
61768
22396
62758
20775
62758
22251
62757
21220
61760
22247
64751
26427
61712
28514
63789
30513
63736
31176
62738
0
61624
1000
65613
5985
62620
4992
63633
5984
63782
5983
64775
6977
66788
9386
67885
11075
64985
12311
62990
13310
64985
14307
64986
15302
68667
17299
68668
17872
65393
18319
64808
18974
64467
20736
64467
21729
64467
26717
68459
26717
65372
27983
65455
29983
64455
30980
65786
31980
67231
0
68475
1094
64591
2781
63368
2771
62375
2993
62377
5984
66365
9976
64275
12301
64598
12908
63973
13908
63590
13844
62911
11861
66905
16975
65047
16649
62338
16646
62925
17644
63266
19030
62267
21021
67254
25021
64260
26390
64260
27070
63991
29102
63505
29569
62508
27583
62508
30438
64122
0
64023
997
64237
2992
64234
2992
64336
3098
63343
8086
64007
9761
63688
11236
62664
11234
62662
12232
62728
10235
62714
13559
62589
15541
63583
16539
63582
16955
63586
19007
62641
19010
62648
24722
62363
24631
62288
25632
62287
26562
61184
26566
61708
25570
61708
28560
61713
29578
62857
0
61861
1783
61648
1998
62699
3485
62039
5480
61954
7527
60465
9096
61885
11077
61882
9081
61884
9166
61882
9976
61882
15202
62121
16483
61422
16494
61420
16493
61366
18487
62357
19484
62357
25165
62418
25168
62416
26167
63483
28161
63477
25514
63826
29300
64993
31425
63965
31125
62969
0
63183
996
64176
2991
64682
7016
66674
7979
65575
8976
65560
7943
66569
8770
66363
8774
68360
12432
69032
13494
65367
14003
65079
14999
65074
15996
66073
16203
68067
20840
68720
21837
64657
21466
65655
21795
65548
22687
64554
23624
67206
28264
68356
29231
64177
30234
64183
30234
63182
0
63183
2006
64183
5989
64148
6979
63185
3975
62189
3988
61190
4988
61265
5985
61391
9972
62478
12726
62418
13723
61908
13724
61909
16427
61622
16430
61748
16554
62100
21658
62217
19668
62584
20906
61589
20903
61690
21898
62687
22896
58542
28882
62558
29877
62552
30875
62553
30167
62553
0
62541
0
59554
5983
61558
5986
61553
3990
62553
4983
62551
5982
63549
6983
59562
7981
61812
11967
61794
12964
62791
13963
63787
14960
62079
14959
62952
16954
57850
16955
61835
22012
62621
20718
62628
21733
62628
22731
61584
23532
56440
23533
62431
28520
61434
28520
61436
30515
61095
0
62184
0
58199
2996
61188
5990
61209
6982
61189
4986
61190
6519
61598
7378
61609
8392
57614
11387
60608
13411
61604
14377
61604
14834
61602
14963
60606
15960
61600
16950
60539
21942
61815
24933
61814
22938
61811
23937
61013
22907
62009
23935
62006
28934
62018
29932
62022
30929
62352
0
63263
1493
62760
3992
62336
5569
62343
4576
62345
4998
61804
5983
62928
6983
61930
7974
62927
12090
62613
12673
61649
13685
63645
16674
64643
15675
63640
17670
65637
21661
62647
22659
62647
20663
61650
22538
62778
22076
62782
24073
65776
28633
63346
29630
62348
28639
62348
29632
63350
0
62850
0
64537
5679
62957
1995
62954
3989
61952
4257
62052
5081
63051
7076
67046
12065
63928
14058
65332
15785
64328
15960
63594
21207
67589
21206
68002
21622
64016
18630
64015
19865
64103
19719
62110
20718
62977
21718
66965
25894
63590
28892
64584
29908
63603
28653
63612
26655
62613
0
67479
1983
63783
1000
63786
3112
62906
3112
64410
4873
63578
9743
67567
11737
62578
12732
63579
11962
61584
12965
62581
15957
61316
10970
60904
15898
61842
16899
61863
18901
60765
18893
62752
18892
62934
21074
62936
21074
61766
27060
61749
28057
61727
28056
61723
29055
61725
30052
58730
0
60845
2992
62850
1993
62733
2992
63728
2993
61966
3989
62964
7978
60969
10076
62069
12070
62755
12761
62760
13765
61768
15365
62372
12374
61433
16697
61466
16299
62459
18293
63456
19937
63112
20252
62931
21247
63929
25085
61794
26230
62937
29226
61941
27625
62936
29619
62937
30617
62936
0
61940
1992
61941
2993
61941
2991
62936
2991
62937
4986
62937
8976
62277
10426
62289
11436
62612
12456
62606
13434
64168
14599
63171
15603
63835
17153
64128
17141
62135
18139
65127
20121
63477
21115
63477
24088
63634
26103
63474
27098
64431
26932
63471
29850
63399
29854
63402
27852
64399
0
64007
1001
63013
1994
62016
1994
61020
3990
62016
4987
64118
11104
63691
12100
63679
12105
62663
12101
62677
13099
63508
10997
63501
15219
62769
16315
62865
16319
62868
17315
63526
18967
63532
20967
60537
24961
62532
25956
62533
26836
63414
26838
61494
27836
62463
25237
61886
29623
63573
0
63090
1001
63094
1995
64093
3001
63093
3989
62097
6980
63495
9501
62496
10505
62490
11503
62496
12499
62495
10505
66484
12963
63235
15956
62139
15958
63131
17775
62954
17779
63296
19771
62293
24758
63490
25960
63496
26956
63427
27771
64424
23781
63427
25777
64032
28771
64374
30762
63366
0
63493
1000
63494
1993
62488
1994
62498
5985
64470
8941
63885
9901
62893
10900
61895
7910
62898
7932
62894
11934
62474
12549
61490
14544
62473
15718
61678
16836
62757
17642
61764
18641
60767
23119
61063
24128
62062
26123
62248
24129
63242
25546
62243
28539
62111
29395
61120
30408
60839
0
62827
0
61833
1995
65822
6981
63826
7980
62865
4987
63926
6981
63897
6982
63898
9972
66422
11505
63434
13500
63854
12477
63560
13207
63397
15204
63262
20191
67663
21600
67857
20609
64374
21073
63367
21072
63368
23067
63368
26059
65915
27610
63921
29602
64046
29895
63923
30771
61933
0
63542
2988
66460
2925
62472
2513
61994
3511
62991
4508
61994
5987
61911
6900
63910
11896
63375
12886
63375
13883
63868
13380
63793
15006
61797
16088
58805
21074
62303
18005
63301
19993
63290
19988
63657
21359
62663
22356
60669
26345
64107
27849
63110
29841
63112
30210
64229
32212
63621
0
64618
995
62688
997
63171
2991
63168
3991
63168
4994
64164
5985
63248
9974
63387
12118
63397
13012
62297
13008
63800
14014
64169
16008
63169
16007
62170
18012
63244
18329
62724
19329
63736
20325
62363
20428
62364
22425
62379
26795
62765
27810
62766
28806
62767
28808
62514
29560
62227
0
62227
696
61932
1998
61945
2992
62499
3561
61500
4550
62505
5560
61879
10105
61493
12108
61596
13113
62590
14100
62590
14099
61594
16093
64585
16720
61582
16974
61118
17953
63109
19949
62112
20944
63110
21929
65102
25877
62678
26882
62661
26883
61665
28878
63054
30551
62585
30556
62885
0
63766
0
62768
1999
62768
2992
62199
4001
63199
4987
66184
8977
61852
10773
61861
10759
61848
11763
62242
12152
63243
11158
62246
15148
62436
16556
62432
17535
62538
18456
61368
19456
61374
20452
61379
21450
61423
25058
61414
27053
62411
27049
61414
28046
60740
29160
61851
27167
59857
0
62860
997
62855
997
61859
1995
61846
3993
61858
4987
63855
10972
64052
12932
64019
12932
64023
13933
64637
13933
62640
10942
63635
15463
63979
16465
63980
16500
64057
18494
64054
18490
63057
20051
62624
20055
63623
25087
63671
28128
62721
28119
63711
28581
64064
26595
63063
27057
64056
0
63726
996
64729
1995
64723
1989
63721
2992
63726
8976
62727
9972
62727
11044
61836
12044
61837
13041
62833
9054
62830
13041
62302
16034
63294
16452
62959
16625
62964
18619
62963
18620
62402
19615
66386
23757
62505
24758
62465
25755
61469
24761
60005
22763
58005
21764
57009
19772
53760
