0
3061
0
3061
0
3061
0
3061
998
4059
998
5057
3991
8048
5984
10043
7978
13035
9973
15029
11968
18030
13962
20016
18936
28023
21970
31033
23396
33501
24456
35497
28769
41804
29766
43799
31763
46791
32758
48800
33755
51777
52609
76302
58622
78639
59619
81670
56681
83665
56648
86673
60767
92780
62745
94775
63332
96770
65265
99763
66260
101758
71728
108227
68414
110217
69420
113226
71425
115222
0
113158
6226
118383
2988
117386
2991
117391
4988
117387
9282
123676
11286
123667
12269
117714
13270
115668
14269
115239
15543
124005
17741
122943
19725
118630
19735
118630
20731
121113
26197
125103
29218
126104
30213
106259
32206
104938
36364
105403
33781
109391
33579
108353
36112
107055
37421
103124
41083
106728
42063
110822
45182
110842
46182
108848
50866
108626
48942
108623
48950
111617
50037
112306
50608
111285
57529
116208
58824
110285
0
112279
2331
113613
1995
114927
8296
112627
9304
112620
6981
115661
8030
115671
12595
118244
15575
119239
16583
115463
17582
116859
22342
119307
23378
119564
26043
117500
25466
118794
28734
120751
29735
120773
31747
118083
34066
117943
35063
123342
40463
122343
41058
121633
38643
121450
45076
123300
45118
124364
45866
122265
46466
122303
48502
119054
54523
125076
55390
126231
53413
126140
54410
125551
57332
125269
61582
125529
62582
125527
0
125192
3985
129542
4430
127299
5121
126356
5048
126368
9565
128419
10078
125847
12430
126538
15213
124998
15622
125408
16145
124823
17748
124784
21864
125237
22861
124239
25703
124169
27360
124165
26908
124181
30898
125095
36123
128459
38116
124058
36105
124141
37898
126062
42454
129225
44042
124705
43919
125703
46930
126697
50608
129042
52301
125372
51099
123846
53090
124843
53093
125313
58402
126721
59886
126447
61855
125446
62880
128566
0
126106
2993
125546
17232
139911
20416
142909
11370
143710
14358
144128
12294
144814
14334
148613
15563
148166
17184
145746
18208
145582
19205
149768
25455
147718
25685
145793
26681
144796
24551
145862
27742
146418
30511
143692
32024
143692
33022
143659
34049
145811
38608
143794
40657
142194
37467
142267
38465
142248
44495
142694
44313
143202
46512
142204
48430
142139
49856
145342
54879
142251
54787
142792
54334
141858
56324
140861
56554
139691
0
140642
997
125405
2993
123340
2992
122114
8866
121908
11875
122921
12886
118754
10793
117343
13747
120928
16213
119906
17188
120924
19183
117646
22863
119483
23272
120478
25264
119409
27260
119993
26651
120783
29933
121835
30923
120832
33061
117923
33636
119013
38438
122300
40054
121232
40055
122228
39353
118463
44702
122862
46699
121662
47696
121738
48699
121309
50691
119297
56535
124152
56395
123052
58388
123052
56826
122051
61554
123789
0
123446
1995
123445
1994
123488
4032
123779
9446
123012
12336
122938
12334
122936
9205
123692
14892
123704
16893
123812
17352
124174
19409
121195
24134
125792
26681
125349
28061
125777
27145
125184
29189
124586
31806
125583
31800
125447
33697
125446
34393
121046
38633
125225
42104
126224
42386
125225
40377
125225
44614
124964
46312
125012
47357
126003
49974
126056
50971
125027
56235
125026
57681
125476
56156
125474
56527
121589
60315
124798
0
125794
999
125794
2993
125752
6019
125348
8009
125346
11346
125762
10315
125724
12951
124966
14499
123962
15509
124561
17164
125510
18162
123849
23446
123953
25218
138830
40303
142465
43166
139940
45162
139340
49871
146022
53873
146022
55293
146454
56274
146091
60211
144615
62206
146611
61139
146605
61908
146613
68254
146891
68901
146846
54947
145796
55214
146823
58007
147227
61000
145783
62994
147790
63185
148256
67730
149058
66345
148690
0
146705
2000
146703
2990
148897
7547
147238
7543
148248
6319
146897
8271
146194
12895
147630
14892
148629
15887
149711
18972
150579
23837
148285
24542
148500
23908
130797
23907
135264
28808
134269
30800
130573
31815
127569
33815
127395
36139
132539
39191
127974
37605
126974
36608
126974
38609
129715
43327
128193
45339
125942
46340
125935
48331
124913
51778
125967
49713
126963
52697
125515
53241
123042
55242
122692
59459
122689
61453
126648
0
125676
1999
128879
6187
127319
4985
127319
5984
130991
10300
130415
12377
128107
14855
128280
14856
128413
14307
133055
19396
128190
21813
128950
22470
131679
27104
132299
27929
130390
31163
129640
33160
131616
36974
133566
37970
130153
35245
131088
38220
133766
41791
135364
43290
134360
45019
132637
46611
136116
49928
135267
50304
136268
52300
134828
54330
136211
57088
138770
59833
137226
61827
138836
66851
138623
67481
138643
66526
139638
0
137640
2993
139027
5583
139028
4158
138537
5763
134500
6764
137511
12423
137761
14079
138758
14803
138625
19790
138335
22267
137872
21163
137212
21430
134254
22424
139873
29045
137637
30041
137634
32037
133690
35707
138465
35808
139447
35359
137469
37337
133897
41157
137994
43402
137982
45386
137982
46391
132338
47391
132338
51900
136742
48165
134707
49164
131952
51156
128962
52155
129194
55997
127280
58317
126477
59315
127477
56662
125494
0
140476
4534
143013
1993
142508
3991
145225
4987
144228
10272
144717
12299
143720
12302
143720
14295
141721
15294
141289
16108
141361
17081
141357
18069
141362
19068
135738
21062
138289
25609
139329
27647
134860
26647
134576
29698
134626
28711
136793
32768
132970
34143
133099
34136
132103
35141
133100
39857
135820
41848
132309
42847
131565
43990
131561
45984
136285
48156
136662
49518
132808
50485
132481
52466
133478
53464
136998
58991
126457
0
112897
2778
114678
1994
113679
5458
118345
7656
113059
9690
112065
8220
112084
8073
114118
13828
118460
16406
114354
16366
113349
18364
113358
23318
118309
25589
118606
26548
115058
26551
114017
26330
118809
28525
118283
30518
118227
32512
115096
33511
113722
34508
117437
39380
118593
40378
115884
38427
114887
38430
114888
39135
119149
44541
119150
46529
116727
48827
115364
49823
114365
54368
117914
54816
117914
52568
115378
54031
114374
0
117210
1136
117348
1994
114885
3989
115681
4991
114678
6979
118415
10745
118353
11738
114588
13733
114004
14734
114006
15733
117360
18302
114396
19310
113105
19306
113105
21304
113102
25341
115594
27971
112453
28970
113476
29990
113477
31984
116908
36564
116116
34132
113129
34157
114126
36151
114117
38069
117029
42047
118013
45040
113602
45041
112613
47048
115314
51038
116312
49992
112780
51162
112937
51525
112938
52523
116749
57485
116940
0
113218
1995
114216
1994
113223
2992
118183
7961
117190
9952
113428
12342
113818
8382
112832
9368
116484
13031
115483
15022
111135
16020
111135
16699
112187
17679
116458
22935
112420
25960
111816
26967
110818
24659
112150
30317
116810
32313
112243
32313
112304
34309
112283
36328
116207
41691
116750
42613
113767
43631
111771
45621
112767
44655
116059
47647
114075
49643
113068
49609
112895
52603
117305
58010
118302
59008
114337
59693
113344
0
112323
24950
138300
4020
138552
3469
136408
9683
140592
12068
139753
13447
140038
13149
141318
10780
142523
14962
141529
15886
141528
16406
140458
18272
141472
19102
144145
25905
142269
27202
142550
29079
142193
25327
141786
29581
144777
33567
144779
35562
143791
36574
145406
41205
142039
43199
143037
44196
143035
45193
142042
46190
142308
44810
142307
47803
143304
49646
143303
50368
141317
54122
140656
55118
140688
57156
142662
59164
141666
0
121578
1137
119750
2052
119275
3991
117049
5985
114413
6992
117841
11342
117861
10996
118412
13141
115824
15303
114825
16287
118144
17586
118145
18247
118315
19417
115113
21509
113683
25496
117060
27726
117060
26565
113803
28556
112825
31551
114484
36236
115467
33896
111832
34884
111832
35890
112864
41610
115927
42803
116500
44374
111936
42628
110936
44628
111933
46619
114328
48871
112571
48634
111573
50629
111530
51625
111523
57170
114485
0
112043
998
112067
2083
111066
2991
111066
8683
114764
9691
110412
10688
110784
11713
110852
9315
110861
10392
114271
17243
111514
18362
111522
20354
112349
20336
116488
27212
113349
27999
112115
28895
112113
29812
113113
31806
117140
33423
111458
31973
110477
30856
107486
30856
106489
29861
101859
29952
