0
1995
0
2992
997
2992
0
2992
0
2992
0
2001
992
1995
0
0
0
0
5983
2993
0
3983
997
1997
1001
1989
3989
4991
6981
2987
0
2992
998
3993
1999
1990
5984
7976
9968
4982
0
4985
997
4001
1996
3991
7968
9975
9972
8974
0
6990
0
5983
1985
7991
7980
10970
8976
9974
0
7966
998
6981
1993
8976
6982
11969
7980
10970
0
11969
996
7978
1995
6981
5985
13976
9974
13962
0
13962
998
13963
4988
11980
6981
13961
5999
14961
0
13962
997
8976
5985
15958
9975
17936
7978
16956
0
19947
2996
13961
2989
18948
4987
16954
7977
20944
0
15952
1000
13946
2990
16955
5984
16955
9993
15949
0
16953
997
17952
3990
20952
7984
17932
9974
17957
0
15969
989
19948
5982
17947
4985
16955
5984
16952
0
18948
1996
16958
2989
17952
3985
16957
5985
15955
0
16952
997
16961
2993
16955
3983
15956
10971
17954
0
16965
987
16953
2993
15958
6985
16955
8976
13952
0
13963
999
13962
6980
15955
8976
15957
4987
15951
0
14958
998
14960
5983
12966
7979
13963
4989
13963
0
13963
997
13961
6981
13868
7888
13874
4907
15866
0
15866
1000
18849
6979
14959
3989
13953
4006
13963
0
13961
997
14958
6982
14958
3991
13946
4988
14960
0
14959
1995
13952
5985
13962
4986
14966
3997
13965
0
13965
1994
14960
5984
14960
3989
13962
4986
13961
0
12966
1996
14959
2990
14962
2992
13962
3991
12962
0
10983
4976
14960
1991
14960
2992
14961
4987
14960
0
10968
3989
15622
3653
14623
2991
14623
3988
12631
0
7978
6982
13963
1994
14960
3989
14961
3990
14962
0
11965
4987
13962
1995
13963
2993
13961
4987
14960
0
13963
2992
14962
1996
14960
2994
13961
3988
13959
0
10966
5984
13962
2006
14956
3990
14960
3978
15957
0
12954
3991
14962
1994
14959
2979
14960
3989
13964
0
12965
2993
14007
1994
14959
3945
14960
4986
13960
0
10969
5984
14960
2013
13963
2994
13963
4969
14961
0
11967
5002
13957
2978
14958
3978
14962
3989
13962
0
10971
6578
14556
1996
15554
3989
15555
4986
15554
0
14555
1003
11968
1990
11971
2992
12965
5983
9973
0
15953
1994
16965
1995
16954
4001
15959
4987
15956
0
13957
1994
12965
1996
11967
2992
11969
4987
9974
0
13965
996
13962
1994
13963
2992
13961
4987
13963
0
15665
1124
15797
2000
15796
2994
14799
4003
14798
0
13966
998
13961
1994
13960
2992
13948
3989
9958
0
13962
998
13963
1995
13963
2992
13964
3989
14961
0
14961
996
14960
1994
15957
3989
15958
4989
14962
0
14960
997
15958
2992
14961
3990
15956
7979
16944
0
17953
1003
17952
2986
19947
6982
18958
9973
17953
0
14960
1000
15969
4997
13955
4557
14534
7539
14534
0
16528
4985
16516
997
13953
3989
13963
5984
14960
0
10963
5988
14960
1990
13965
2993
13963
4987
14959
0
14960
4987
12963
1994
11970
3989
12966
5005
14961
0
9974
3989
13961
2991
12976
5122
15078
6125
15100
0
15099
1995
15099
1995
15600
3500
12474
4495
9483
0
9484
3989
10974
1995
11967
4987
12966
3991
10972
0
10874
0
9864
4973
13852
6980
13850
5984
15847
0
12964
999
9973
5983
15958
7980
14962
5984
15958
0
16959
3985
17952
3989
16954
3991
16954
4993
16940
0
15955
2000
15957
2988
16953
4986
16948
5984
19948
0
16951
997
16954
3989
22946
9981
23014
10971
19947
0
19946
999
20945
7978
19939
6980
19947
6982
17952
0
21943
995
16954
2991
15958
3993
13964
4987
9971
0
12965
1996
13963
3989
15955
4987
19951
8976
17958
0
16971
1977
16955
6982
20945
7977
16955
4986
15958
0
15958
4987
20944
3998
16957
4986
16956
6976
16948
0
16955
997
16956
3989
14960
2990
15954
8976
18950
0
16954
1995
15957
1994
16969
3989
15957
8984
14960
0
14960
997
14961
2992
15958
7979
13963
8977
13964
0
14960
1995
14961
997
10971
6992
14261
8280
15263
0
14260
1999
15262
993
11261
5992
13975
8975
13953
0
13962
1994
14960
1995
10962
6981
15959
9973
15946
0
16953
2003
16955
3980
15962
7978
15957
6983
15958
0
14960
1994
14960
4989
12966
3990
13978
4986
13963
0
13943
1996
12963
4988
13963
3994
12964
4986
13964
0
13954
2992
13962
4989
14957
3988
13962
3987
14959
0
13963
1996
13967
4987
14960
3983
14960
4986
13963
0
14960
1994
14959
4995
13963
2992
13962
3982
14960
0
13960
2992
10963
4986
14962
6981
14962
3989
14959
0
13963
2992
11968
3988
14960
6982
14961
4988
13962
0
13962
3001
11977
3983
14964
6973
14965
4984
13964
0
14960
1995
11993
4986
14960
6956
14961
4987
13962
0
14630
1995
11640
4986
14631
6980
14632
4988
14964
0
14960
1995
15958
5989
15960
3989
15956
4981
14966
0
15958
4986
12964
1995
12966
2993
13952
4994
13294
0
12300
2993
13312
3989
12300
2978
11971
4987
12966
0
12965
5984
15984
2998
15964
2966
15956
3983
15957
0
11968
2992
12053
3087
12063
3993
12062
4987
14083
0
12063
2991
13968
2993
13962
3997
14961
4988
13970
0
11969
2991
14035
4065
13027
2995
14037
3990
14038
0
12377
2991
14296
2992
12301
2991
12301
6983
14964
0
12967
3990
14972
1998
14961
2980
12940
6977
13964
0
11711
2992
14700
2994
14706
3989
15702
6980
14964
0
12977
2981
14959
2992
13963
2994
13962
5797
12779
0
12805
3990
15812
2992
15795
3975
15990
4988
15961
0
12950
2017
13962
2970
12965
3990
15955
3989
13913
0
10964
4000
14960
2966
13964
1995
13963
3990
14960
0
10944
3994
12964
2989
12966
3989
14960
4986
13964
0
10967
998
13962
6981
14959
4988
13964
4986
14960
0
14960
3991
13962
2989
13963
4987
13963
4987
13962
0
10968
4990
13974
2988
13969
4976
14960
4988
14962
0
15961
995
14963
3008
14960
2989
13964
3973
14960
0
12964
998
14009
2992
16959
4942
16956
8974
16954
0
16953
2006
16954
1985
14959
6981
16957
8975
15957
0
15957
997
15963
7979
17952
8971
17953
3990
16954
0
16956
3990
17953
4986
16954
4986
16954
4985
16947
0
17951
997
15958
3991
15959
4987
15958
4984
16951
0
16954
998
16956
3990
15958
4986
16956
7978
16954
0
16954
997
15957
4987
16954
8974
17951
7978
16954
0
17955
995
16955
6984
17953
8975
17954
5981
16954
0
15959
996
16954
6980
15961
3988
15958
4987
14959
0
12964
998
6982
997
5984
