0
0
0
0
0
0
0
0
0
0
0
15621
15621
15621
15621
15621
15621
15621
31244
31244
0
31244
0
31244
15618
46862
15618
46862
0
46862
15623
46864
15623
46864
15623
46864
15623
62484
31243
46861
0
46861
0
46864
15621
46864
0
46864
0
62487
15623
46864
15623
46864
15623
62486
31245
46866
15622
46866
0
62487
0
46866
0
46866
0
62486
15620
46863
15620
46863
15620
62485
15622
46863
15622
46863
15622
62484
0
46863
0
46863
0
46863
15622
46865
15622
46865
15622
46865
15621
46864
15621
46864
15621
46864
15621
46864
0
46864
0
46864
0
62496
15632
46874
15632
46874
0
46874
15611
46864
15611
46864
15611
46864
31232
46864
0
46864
0
46864
15622
46854
15622
46854
0
46854
0
62475
15621
46864
15621
46864
15621
62485
31242
46864
0
46864
0
62486
15622
46864
0
46864
0
46864
15633
46876
15633
46876
15633
46876
31244
46866
31244
46866
0
46866
0
46864
15620
46864
0
46864
0
46852
15621
46852
15621
46852
15621
62474
31243
46863
15622
46863
0
62485
0
46865
0
46865
0
46865
15620
46864
15620
46864
15620
62486
31242
46864
15622
46864
31243
62485
0
46863
0
46863
0
62484
15621
46864
15621
46864
0
62486
15622
46864
15622
46864
15622
46864
31243
46864
0
46864
0
46864
0
46865
15622
46865
15622
46865
0
31243
15651
46894
15651
46894
15651
46894
31242
46864
0
46864
0
46864
0
46864
15622
46864
15622
46864
0
46864
15621
46834
15621
46834
15621
46834
31242
46864
0
46864
0
46864
15621
46863
15621
46863
0
46863
15622
62485
15622
46864
15622
46864
31255
62497
31255
46876
0
46876
15609
62485
0
46864
0
46864
0
62486
15622
46864
15622
46864
15622
31231
31244
46853
15622
46853
0
46853
0
46865
15621
46865
0
46865
0
31243
15620
46863
15620
46863
15620
31241
31243
46864
31243
46864
0
46864
0
31243
15621
46864
15621
46864
0
31244
0
46864
15620
46864
15620
46864
15620
31241
31242
46863
0
46863
0
31242
0
46864
15622
46864
15622
46864
0
31244
15621
46865
15621
46865
15621
46865
15621
46879
0
46879
0
46879
0
31257
15607
46864
15607
46864
15607
31243
0
46864
15621
46864
15621
46864
15621
31228
0
46851
0
46851
0
46851
15619
46863
15619
46863
15619
46863
0
46864
15622
46864
15622
46864
15622
62486
0
46863
0
46863
0
62484
15621
46865
15621
46865
0
62497
15632
46875
15632
46875
15632
46875
31243
46864
0
46864
0
46864
0
46863
15620
46863
15620
46863
0
31231
15622
46853
15622
46853
15622
46853
15622
46865
0
46865
0
46865
0
31245
15620
46865
15620
46865
15620
46865
0
46864
15621
46864
15621
46864
15621
31241
0
46866
0
46866
0
46866
0
46880
15634
46880
15634
46880
15634
31259
15606
46865
15606
46865
15606
46865
0
46861
0
46861
0
46861
0
31227
15621
46848
15621
46848
15621
46848
31244
46865
15623
46865
31243
78106
0
62485
0
62485
0
62485
15622
78107
15622
62486
15622
62486
0
78108
15622
62485
15622
62485
15622
46866
0
46866
0
46866
0
46866
0
46863
15619
46863
15619
46863
15619
46863
15622
46863
15622
46863
15622
31241
0
46868
0
46868
0
46868
15615
46864
15615
46864
15615
46864
15622
46864
15622
46864
15622
46864
31243
62485
0
46858
0
46858
15643
62501
15643
46886
0
46886
15601
62487
15601
46865
15601
46865
15601
31244
15601
31244
0
46865
0
31222
0
31222
15622
46844
15622
31243
15622
31243
0
46863
15620
46863
15620
46863
15620
62484
0
46863
0
46863
0
46863
15622
46863
15622
46863
15622
46863
0
46864
15621
46864
15621
46864
15621
31243
0
46865
0
46865
0
46865
15622
46865
15622
46865
15622
46865
0
46864
15620
46864
15620
46864
15620
46864
0
46864
0
46864
0
46864
0
46864
15622
46864
15622
46864
15622
46867
15623
46867
15623
46867
15623
31245
0
46864
0
46864
0
46864
0
46863
15621
46863
15621
46863
15621
31240
15665
46905
15665
46905
15665
31286
0
46864
0
46864
0
46864
0
46864
15621
46864
15621
46864
15621
46864
15622
46821
15622
46821
15622
46821
0
46863
0
46863
0
46863
0
31242
15622
