0
0
0
0
0
0
0
0
0
0
0
0
0
0
0
0
0
0
15622
15622
0
15622
0
15622
0
15622
15621
31243
15621
31243
15621
31243
0
15621
0
31242
15621
31242
15621
31242
0
31242
15624
46866
0
31245
0
31245
0
31245
15622
46867
15622
46867
15622
31246
15622
46864
31240
46864
0
31240
0
31240
0
31240
0
46863
15623
31241
15623
31241
15623
31241
0
31241
15620
31243
15620
31243
0
31243
0
31243
0
46895
15652
31272
15652
31272
0
31272
0
31272
15591
31243
15591
31243
15591
31243
0
31243
0
46864
15621
31212
0
31212
0
31212
0
46833
15621
46833
15621
31242
15621
31242
15621
31242
0
46864
0
31243
0
31243
0
31243
0
46864
15621
31243
15621
31243
15621
31243
15621
31243
15621
31242
0
31242
0
31242
0
31242
0
46865
15623
31244
15623
31244
15623
31244
0
31244
15620
31243
15620
31243
0
31243
0
31243
0
46865
15622
31242
15622
31242
0
31242
0
31242
15622
31244
15622
31244
15622
31244
0
31244
0
46864
15620
31242
0
31242
0
31242
0
46865
15623
31243
15623
31243
15623
31243
15623
31243
0
46863
0
31243
0
31243
0
31243
0
31243
15622
31242
15622
31242
15622
31242
15622
31242
15622
46863
0
31243
0
31243
0
31243
0
31243
15637
31258
15637
31258
15637
31258
15637
31258
0
31258
15605
31242
0
31242
0
31242
0
31242
15622
31227
15622
31227
15622
31227
0
31227
0
46848
15621
31243
15621
31243
0
31243
0
46866
15623
46866
0
31244
0
31244
0
46864
15620
46864
15620
31243
15620
31243
31241
46864
0
46864
0
31241
0
31241
15622
46863
15622
46863
15622
31243
0
31243
15621
46864
15621
46864
15621
31243
0
31243
0
46867
15624
31245
0
31245
0
31245
0
46863
15618
46863
15618
31242
15618
31242
15618
31242
0
46864
0
31240
0
31240
0
31240
0
31240
15621
31243
15621
31243
15621
31243
15621
31243
15621
31243
0
31242
0
31242
0
31242
0
31242
15622
46864
15622
31243
15622
31243
15622
31243
0
46866
15623
31245
0
31245
0
31245
0
31245
15634
31257
15634
31257
15634
31257
0
31257
15609
46866
15609
31243
15609
31243
0
31243
0
46862
15619
46862
0
31228
0
31228
0
31228
0
46849
15621
31240
15621
31240
15621
31240
0
31240
15622
31243
0
31243
0
31243
0
31243
15621
46864
15621
31243
15621
31243
15621
31243
15621
31243
0
46864
0
31242
0
31242
0
31242
0
46865
15623
31244
15623
31244
15623
31244
15623
31244
15620
31243
0
31243
0
31243
0
31243
15622
46865
15622
31242
15622
31242
0
31242
0
46864
15622
31244
15622
31244
0
31244
0
31244
15622
46866
15622
31244
0
31244
0
31244
15620
46864
15620
31242
15620
31242
15620
31242
0
31242
15621
31241
0
31241
0
31241
0
31241
15621
31242
15621
31242
15621
31242
15621
31242
15621
46864
0
31243
0
31243
0
31243
0
31243
15639
46882
15639
31261
15639
31261
15639
46867
15606
46867
15606
31245
0
31245
15631
46876
0
46876
0
31237
0
31237
0
46848
15611
46848
15611
31242
15611
31242
15611
31242
0
46862
0
31231
0
31231
0
31231
15621
46852
15621
31241
15621
31241
15621
31241
0
31241
15622
31243
0
31243
0
31243
0
31243
0
46864
15621
31243
15621
31243
15621
46865
15622
46865
15622
31243
15622
31243
0
31243
15621
46864
0
46864
0
31243
0
31243
15620
46863
15620
31241
15620
31241
15620
31241
15620
46863
0
31242
0
31242
0
31242
0
31242
15624
31246
15624
31246
15624
31246
15624
31246
15619
46865
15619
31243
0
31243
0
31243
0
46865
15622
31241
15622
31241
0
31241
0
31241
15621
46862
15621
31243
15621
31243
0
31243
0
31243
15622
31243
15622
31243
0
31243
0
31243
15621
31243
15621
31243
15621
31243
15621
