0
15622
0
15622
0
15622
0
15622
0
15622
0
15622
0
15622
0
15622
0
15622
0
15622
0
15622
0
15622
0
15622
0
15622
0
15659
15659
15659
15659
15659
15659
15659
0
0
0
15583
0
15583
0
15583
0
0
0
0
15637
15637
15637
15637
15637
0
0
0
0
0
15606
15606
0
15606
0
0
0
0
0
15621
15621
15621
15621
0
0
0
0
15622
15622
15622
0
0
0
0
0
0
0
15624
15624
0
0
0
0
0
0
0
15635
0
0
0
0
0
0
0
0
0
0
0
0
0
0
0
0
0
0
0
0
0
0
0
0
0
0
0
0
0
0
0
0
0
0
0
0
0
0
0
0
0
0
0
0
0
0
0
0
0
0
0
0
0
0
0
0
0
0
0
0
0
0
0
0
0
0
0
0
0
0
0
0
0
0
0
0
0
0
0
0
0
0
0
0
0
0
0
0
0
0
0
0
0
0
0
15604
0
0
0
0
0
0
0
0
0
0
0
0
0
0
0
0
0
0
0
0
0
0
0
0
0
0
0
0
0
0
0
0
0
0
0
0
0
0
0
0
0
0
0
0
0
0
0
0
0
0
0
0
0
0
0
0
0
0
0
0
0
0
0
0
0
0
0
0
0
0
0
15633
0
0
0
0
0
0
0
0
15610
15610
0
0
0
0
0
0
0
0
0
0
0
0
0
0
0
0
0
15620
0
0
0
0
0
0
0
0
0
0
0
0
0
0
0
0
0
0
0
0
0
0
0
0
0
0
0
0
0
0
0
0
0
0
0
0
0
0
0
0
0
0
0
0
0
0
0
0
0
0
0
0
0
0
0
0
0
0
0
0
0
15621
0
0
0
0
0
0
0
0
0
0
0
0
0
0
0
0
0
15620
0
0
0
0
0
0
0
0
0
0
0
0
0
0
0
0
0
0
0
0
0
0
0
0
0
0
0
0
0
0
0
0
0
0
0
0
0
0
0
0
0
0
0
0
0
0
0
0
0
0
15621
0
0
0
0
0
0
0
0
15640
0
0
0
0
0
0
0
0
0
0
0
0
0
0
0
0
0
0
0
0
0
0
0
0
0
0
0
0
0
0
0
0
0
0
0
0
0
0
0
0
0
0
0
0
0
0
0
0
0
0
0
0
0
0
0
0
0
0
0
0
0
0
0
0
0
0
0
0
0
0
0
15613
0
0
0
0
0
0
0
0
15620
15620
0
0
0
0
0
0
0
0
0
0
0
0
0
0
0
0
0
0
0
0
0
0
0
0
0
0
0
0
0
0
0
0
0
0
0
0
0
0
0
15622
0
0
0
0
0
0
0
0
0
0
